
======================================================================
Parameters (memory version):
No. of tuples            == 100161
No. of attributes        == 16
Stop level               == 11
Data                     == ../data/dq.dat
======================================================================

1 -> 2   (key)
1 -> 3   (key)
1 -> 4   (key)
1 -> 5   (key)
1 -> 6   (key)
1 -> 7   (key)
1 -> 8   (key)
1 -> 9   (key)
1 -> 10   (key)
1 -> 11   (key)
1 -> 12   (key)
1 -> 13   (key)
1 -> 14   (key)
1 -> 15   (key)
1 -> 16   (key)
4 6 -> 2 
4 8 -> 2 
4 13 -> 2 
6 8 -> 2 
8 12 -> 2 
8 13 -> 2 
3 4 7 -> 2 
3 4 9 -> 2 
3 4 10 -> 2 
3 4 12 -> 2 
3 4 14 -> 2 
3 5 6 -> 2 
3 5 8 -> 2 
3 6 7 -> 2 
3 6 9 -> 2 
3 6 10 -> 2 
3 6 11 -> 2 
3 6 12 -> 2 
3 6 13 -> 2 
3 6 14 -> 2 
3 7 8 -> 2 
3 8 9 -> 2 
3 8 10 -> 2 
3 8 11 -> 2 
3 8 14 -> 2 
3 10 13 -> 2 
3 11 13 -> 2 
3 12 13 -> 2 
4 5 12 -> 2 
4 7 10 -> 2 
4 7 12 -> 2 
4 7 14 -> 2 
4 7 15 -> 2 
4 7 16 -> 2 
4 9 10 -> 2 
4 9 12 -> 2 
4 9 14 -> 2 
4 9 15 -> 2 
4 9 16 -> 2 
4 10 15 -> 2 
4 10 16 -> 2 
4 12 15 -> 2 
4 12 16 -> 2 
4 14 15 -> 2 
5 6 10 -> 2 
5 6 12 -> 2 
5 6 13 -> 2 
5 8 10 -> 2 
5 8 14 -> 2 
5 8 15 -> 2 
5 8 16 -> 2 
5 10 13 -> 2 
5 12 13 -> 2 
6 7 10 -> 2 
6 7 12 -> 2 
6 7 13 -> 2 
6 7 16 -> 2 
6 9 10 -> 2 
6 9 12 -> 2 
6 9 13 -> 2 
6 9 16 -> 2 
6 10 13 -> 2 
6 10 14 -> 2 
6 10 15 -> 2 
6 11 13 -> 2 
6 11 15 -> 2 
6 12 13 -> 2 
6 12 14 -> 2 
6 12 15 -> 2 
6 12 16 -> 2 
6 13 15 -> 2 
6 13 16 -> 2 
6 14 15 -> 2 
7 10 13 -> 2 
7 12 13 -> 2 
8 10 14 -> 2 
8 10 15 -> 2 
8 11 14 -> 2 
8 11 15 -> 2 
8 11 16 -> 2 
8 14 15 -> 2 
8 14 16 -> 2 
9 10 13 -> 2 
9 12 13 -> 2 
10 13 15 -> 2 
10 13 16 -> 2 
11 13 15 -> 2 
11 13 16 -> 2 
12 13 15 -> 2 
12 13 16 -> 2 
3 4 5 11 -> 2 
3 5 7 10 -> 2 
3 5 7 12 -> 2 
3 5 7 13 -> 2 
3 5 9 10 -> 2 
3 5 9 12 -> 2 
3 5 9 13 -> 2 
3 7 10 14 -> 2 
3 7 12 14 -> 2 
3 9 10 14 -> 2 
3 9 12 14 -> 2 
4 5 7 11 -> 2 
4 5 9 11 -> 2 
4 5 10 14 -> 2 
4 5 11 15 -> 2 
4 5 11 16 -> 2 
4 5 14 16 -> 2 
4 11 14 16 -> 2 
5 6 7 11 -> 2 
5 6 7 15 -> 2 
5 6 9 11 -> 2 
5 6 9 15 -> 2 
5 6 11 16 -> 2 
5 6 14 16 -> 2 
5 6 15 16 -> 2 
5 7 10 15 -> 2 
5 7 12 15 -> 2 
5 7 13 15 -> 2 
5 7 13 16 -> 2 
5 9 10 15 -> 2 
5 9 12 15 -> 2 
5 9 13 15 -> 2 
5 9 13 16 -> 2 
6 7 11 14 -> 2 
6 9 11 14 -> 2 
6 11 14 16 -> 2 
7 8 10 16 -> 2 
7 8 15 16 -> 2 
7 10 14 15 -> 2 
7 12 14 15 -> 2 
8 9 10 16 -> 2 
8 9 15 16 -> 2 
9 10 14 15 -> 2 
9 12 14 15 -> 2 
3 5 7 11 14 -> 2 
3 5 9 11 14 -> 2 
5 7 10 14 16 -> 2 
5 7 11 14 15 -> 2 
5 7 12 14 16 -> 2 
5 9 10 14 16 -> 2 
5 9 11 14 15 -> 2 
5 9 12 14 16 -> 2 

======================================================================
total_no_of_candidates == 20952
prune_key              == 1
prune_key_sub          == 0
prune_key_second       == 0
prune_rhs              == 319
prune_rhs_sub          == 303
prune_rhs_second       == 245
======================================================================

