20450  3850  
20400  3838  
20350  3825  
20250  3800
20200  3788 
20150  3775  
20050  3750  
20000  3738  
19950  3725  
19900  3713  
19800  3688  
19700  3663  
19650  3650  
19600  3638  
19550  3625  
19500  3613  
19450  3600  
19350  3575  
19300  3563  
19250  3550  
19200  3538  
19100  3513  
18900  3463  
18750  3425  
18700  3413  
18650  3400  
18600  3388  
18500  3363  
18450  3350  
18400  3338  
18350  3325  
18300  3313  
18250  3300  
18100  3263  
18050  3250  
17950  3225  
17850  3200  
17800  3188  
17700  3163  
17650  3150  
17600  3138  
17550  3125  
17500  3113  
17400  3088  
17350  3075  
17300  3063  
17250  3050  
17200  3038  
17150  3025  
17050  3000  
17000  2988  
16950  2975  
16900  2963  
16850  2950  
16800  2938  
16700  2913  
16650  2900  
16550  2875  
16400  2838  
16350  2825  
16300  2813  
16150  2775  
16100  2763  
16050  2750  
16000  2738  
15950  2725  
15900  2713  
15850  2700  
15800  2688  
15700  2663  
15600  2638  
15550  2625  
15500  2613  
15450  2600  
15400  2588  
15300  2563  
15250  2550  
15200  2538  
15100  2513  
15000  2488  
14950  2475  
14800  2438  
14750  2425  
14700  2413  
14650  2400  
14600  2388  
14450  2350  
14400  2338  
14200  2288  
14150  2275  
14100  2263  
14000  2238  
13950  2225  
13900  2213  
13700  2163  
13600  2138  
13550  2125  
13500  2113  
13450  2100  
13350  2079  
13300  2069  
13250  2059  
13200  2049  
13100  280  2029  
13050  2019  
13000  2009  
12850  1979  
12800  1969  
12650  1939  
12600  1929  
12400  1889  
12250  1859  
12200  1849  
12150  1839  
12100  1829  
12050  1819  
12000  1809  
11900  1789  
11800  1769  
11750  1759  
11650  1739  
11600  1729  
11550  1719  
11450  1699  
11400  1689  
11350  1679  
11300  1669  
11200  1649  
11100  1629  
11000  1609  
10950  1599  
10800  1569  
10750  1559  
10700  1549  
10650  1539  
10600  1529  
10550  1519  
10500  1509  
10450  1499  
10350  1479  
10300  1469  
10250  1459  
10200  1449  
10150  1439  
10100  1429  
10050  1419  
9950  1399  
9900  1389  
9850  1379  
9800  1369  
9750  1359  
9700  1349  
9650  1339  
9600  1329  
9450  1299  
9400  1289  
9350  1279  
9200  1249  
9150  1239  
9100  1229  
9050  1219  
9000  1209  
8900  1189  
8850  1179  
8800  1169  
8750  1159  
8700  1149  
8650  1139  
8550  1119  
8500  1109  
8450  1099  
8400  1089  
8350  1079  
8300  1069  
8200  1049  
8050  1019  
8000  1009  
7950  999  
7900  989  
7850  385  
7800  969  
7700  949  
7650  939  
7600  929  
7550  919  
7500  909  
7450  899  
7300  869  
7250  859  
7150  839  
7050  819  
6850  779  
6700  749  
6600  729  
6500  709  
6450  699  
6400  689  
6200  649  
6100  629  
6000  609  
5950  599  
5900  589  
5850  579  
5750  559  
5650  539  
5600  529  
5550  519  
5500  509  
5450  499  
5400  489  
5300  469  
5200  449  
5150  439  
5100  431  
5050  424  
4950  409  
4900  401  
4800  185  
4750  379  
4700  371  
4650  364  
4600  356  
4550  349  
4450  334  
4400  326  
4350  319  
4300  311  
4250  304  
4200  296  
4050  274  
4000  266  
3900  251  
3800  236  
3750  229  
3700  221  
3650  214  
3500  191  
3450  184  
3400  176  
3350  169  
3300  161  
3250  154  
3200  146  
3100  131  
3050  126  
2900  111  
2800  101  
2700  91  
2650  86  
2600  81  
2550  76  
2500  71  
2400  61  
2350  56  
2300  51  
2250  46  
2200  41  
2150  36  
1950  257  
1900  20  
1800  15  
1700  10  
1650  7  
1600  5  
1550  2  
1500  0  
1450  0  
1400  0  
1350  0  
1300  0  
1250  0  
1200  0  
1150  0  
1000  0  
950  0  
900  0  
850  0  
800  0  
700  0  
550  0  
500  0  
0  0  
