20450  3825  
20350  3800  
20300  3788  
20200  3763  
20100  3738  
19950  3700  
19850  3675  
19800  3663  
19700  3638  
19600  3613  
19550  3600  
19450  3575  
19350  3550  
19300  3538  
19250  3525  
19200  3513  
19150  3500  
18900  3438  
18850  3425  
18800  3413  
18750  3400  
18700  3388  
18650  3375  
18600  3363  
18550  3350  
18500  3338  
18450  3325  
18400  3313  
18350  3300  
18300  3288  
18050  3225  
17950  3200  
17900  3188  
17850  3175  
17800  3163  
17750  3150  
17600  3113  
17550  3100  
17500  3088  
17350  3050  
17300  3038  
17250  3025  
17200  3013  
17150  3000  
17100  2988  
17050  2975  
17000  2963  
16950  2950  
16900  2938  
16850  2925  
16800  2913  
16750  2900  
16700  2888  
16650  2875  
16600  2863  
16500  2838  
16300  2788  
16150  2750  
15950  2700  
15900  2688  
15850  2675  
15800  2663  
15700  2638  
15650  2625  
15600  2613  
15550  2600  
15500  2588  
15250  2525  
15150  2500  
15100  2488  
15050  2475  
15000  2463  
14950  2450  
14900  2438  
14850  2425  
14800  2413  
14750  2400  
14700  2388  
14600  2363  
14550  2350  
14500  2338  
14450  2325  
14350  2300  
14250  2275  
14200  2263  
14050  2225  
13850  2175  
13750  2150  
13700  2138  
13650  2125  
13600  2113  
13550  2100  
13500  2088  
13400  2064  
13350  2054  
13300  2044  
13200  2024  
13150  2014  
13050  1994  
13000  1984  
12900  1964  
12850  1954  
12750  1934  
12650  1914  
12550  1894  
12500  1884  
12400  1864  
12350  1854  
12250  1834  
12200  1824  
12150  1814  
12050  1794  
12000  1784  
11950  1774  
11900  1764  
11850  231  
11800  1744  
11750  1734  
11700  1724  
11650  1714  
11500  1684  
11400  1664  
11350  1654  
11300  1644  
11250  1634  
11200  1624  
11150  1614  
11050  1594  
10950  1574  
10850  1554  
10800  1544  
10750  1534  
10700  1524  
10600  1504  
10550  1494  
10500  1484  
10450  1474  
10400  1464  
10350  1454  
10300  1444  
10250  1434  
10200  1424  
10150  1414  
10100  1404  
10050  1394  
9950  1374  
9800  1344  
9700  1324  
9650  1314  
9600  1304  
9550  1294  
9500  1284  
9450  1274  
9400  1264  
9300  1244  
9250  1234  
9200  1224  
9000  1184  
8900  1164  
8850  1154  
8800  1144  
8750  1134  
8700  1124  
8600  1104  
8500  1084  
8450  1074  
8400  1064  
8350  1054  
8300  1044  
8150  1014  
8100  1004  
8000  984  
7950  974  
7850  954  
7800  944  
7700  924  
7600  904  
7550  894  
7450  874  
7350  854  
7250  834  
7200  824  
7150  814  
7100  804  
7050  794  
7000  784  
6950  774  
6900  764  
6800  744  
6750  734  
6700  724  
6650  714  
6600  704  
6550  694  
6450  674  
6350  654  
6300  644  
6250  634  
6200  624  
6100  604  
6050  301  
6000  584  
5950  574  
5850  554  
5800  544  
5700  524  
5650  514  
5600  504  
5550  494  
5500  484  
5400  464  
5350  457  
5300  449  
5250  442  
5200  434  
5150  427  
5100  419  
5050  412  
4900  389  
4750  367  
4700  359  
4650  352  
4600  344  
4550  337  
4400  314  
4350  307  
4300  299  
4250  292  
4200  284  
4150  277  
4100  269  
4050  262  
4000  254  
3850  232  
3800  224  
3750  217  
3700  209  
3650  202  
3600  194  
3550  187  
3450  42  
3400  164  
3350  159  
3300  154  
3250  149  
3200  144  
3150  139  
3050  129  
2850  109  
2800  104  
2750  99  
2700  94  
2650  89  
2600  84  
2550  79  
2450  69  
2400  64  
2300  54  
2250  49  
2200  44  
2150  39  
2100  34  
2000  25  
1950  22  
1900  20  
1850  17  
1750  12  
1700  10  
1650  7  
1600  5  
1550  2  
1500  0  
1400  0  
1300  0  
1250  0  
1200  0  
1150  0  
1100  0  
1000  0  
950  0  
900  0  
800  0  
750  0  
650  0  
600  0  
500  0  
0  0  
