20450  3757  
20400  3745  
20350  3732  
20300  3720  
20250  3707  
20150  3682  
20100  3670  
20000  3645  
19950  3632  
19900  3620  
19850  3607  
19800  447  3595  
19700  3570  
19650  3557  
19600  3545  
19550  3532  
19500  3520  
19450  3507  
19400  3495  
19350  3482  
19300  3470  
19250  3457  
19150  3432  
19050  3407  
18950  3382  
18900  3370  
18800  3345  
18700  3320  
18600  3295  
18500  3270  
18400  3245  
18350  3232  
18300  3220  
18250  3207  
18200  3195  
18100  3170  
18000  3145  
17950  3132  
17900  3120  
17850  3107  
17750  3082  
17650  3057  
17600  3045  
17550  3032  
17500  3020  
17450  3007  
17400  2995  
17300  2970  
17200  2945  
17100  2920  
17050  2907  
16950  2882  
16850  2857  
16700  2820  
16550  2782  
16500  2770  
16450  2757  
16400  2745  
16350  2732  
16300  2720  
16250  2707  
16200  2695  
16150  2682  
16100  2670  
16050  2657  
15900  2620  
15850  2607  
15800  2595  
15700  2570  
15650  2557  
15600  2545  
15500  2520  
15450  2507  
15300  2470  
15250  2457  
15200  2445  
15150  2432  
15050  2407  
15000  2395  
14950  2382  
14850  2357  
14750  2332  
14700  2320  
14650  2307  
14600  2295  
14550  2282  
14500  2270  
14200  2195  
14150  2182  
14050  2162  
14000  2152  
13950  2142  
13850  2122  
13800  2112  
13750  2102  
13700  2092  
13650  2082  
13600  2072  
13500  2052  
13450  2042  
13350  2022  
13250  2002  
13150  1982  
13000  1952  
12950  1942  
12800  1912  
12750  1902  
12600  1872  
12550  1862  
12500  1852  
12400  1832  
12350  1822  
12300  1812  
12250  1802  
12100  1772  
12000  1752  
11950  1742  
11850  1722  
11800  1712  
11750  1702  
11700  1692  
11650  1682  
11600  1672  
11500  1652  
11450  1642  
11400  1632  
11250  1602  
11200  1592  
11150  1582  
11100  1572  
11050  1562  
10900  1532  
10800  1512  
10750  1502  
10650  1482  
10600  1472  
10550  312  
10500  1452  
10250  1402  
10200  1392  
10150  1382  
10000  1352  
9950  1342  
9900  1332  
9850  375  1322  
9800  1312  
9600  1272  
9550  1262  
9450  1242  
9400  1232  
9350  1222  
9300  1212  
9250  1202  
9200  1192  
9100  1172  
9000  1152  
8950  1142  
8900  1132  
8850  1122  
8800  1112  
8750  1102  
8700  1092  
8600  1072  
8550  1062  
8450  1042  
8400  1032  
8300  1012  
8250  1002  
8200  338  
8150  982  
8100  972  
8050  962  
8000  952  
7900  932  
7850  922  
7750  902  
7700  892  
7650  882  
7600  872  
7500  852  
7400  832  
7350  822  
7200  792  
7100  772  
7050  762  
7000  752  
6800  712  
6750  702  
6650  682  
6600  672  
6550  662  
6450  642  
6400  223  632  
6300  612  
6200  592  
6100  572  
5950  542  
5850  522  
5750  502  
5700  492  
5650  484  
5600  476  
5550  469  
5450  454  
5400  446  
5300  431  
5250  424  
5200  416  
5150  409  
5100  401  
5050  394  
5000  386  
4900  371  
4800  356  
4700  341  
4650  334  
4600  326  
4550  319  
4400  296  
4350  289  
4300  281  
4250  274  
4150  259  
4100  251  
4050  244  
4000  236  
3950  229  
3900  221  
3850  214  
3800  206  
3750  199  
3700  191  
3650  184  
3600  176  
3450  157  
3400  152  
3350  147  
3200  132  
3150  127  
3000  112  
2950  107  
2900  102  
2850  97  
2800  92  
2750  87  
2700  82  
2650  77  
2600  72  
2500  62  
2450  57  
2400  34  
2350  47  
2300  42  
2250  37  
2200  35  
2000  25  
1950  22  
1900  20  
1850  17  
1800  15  
1750  12  
1700  10  
1600  5  
1550  2  
1500  0  
1450  0  
1300  0  
1250  0  
1200  0  
1050  0  
950  0  
900  0  
850  0  
800  0  
750  0  
700  0  
650  0  
550  0  
0  0  
